<?xml version="1.0"?>
<opencv_storage>
<images>
images/20150331_132738.jpg
images/20150331_132758.jpg
images/20150331_132803.jpg
images/20150331_132810.jpg
images/20150331_132816.jpg
images/20150331_132822.jpg
images/20150331_132827.jpg
images/20150331_132838.jpg
images/20150331_132841.jpg
images/20150331_132846.jpg
images/20150331_132854.jpg
images/20150331_132858.jpg
images/20150331_132905.jpg
images/20150331_132908.jpg
images/20150331_132912.jpg
images/20150331_132916.jpg
images/20150331_132920.jpg
images/20150331_132923.jpg
images/20150331_132929.jpg
images/20150331_132935.jpg
</images>
</opencv_storage>