<?xml version="1.0"?>
<opencv_storage>
<images>
  galaxy_s6_169_images/20150422_153332.jpg
  galaxy_s6_169_images/20150422_153336.jpg
  galaxy_s6_169_images/20150422_153339.jpg
  galaxy_s6_169_images/20150422_153342.jpg
  galaxy_s6_169_images/20150422_153345.jpg
  galaxy_s6_169_images/20150422_153349.jpg
  galaxy_s6_169_images/20150422_153352.jpg
  galaxy_s6_169_images/20150422_153356.jpg
  galaxy_s6_169_images/20150422_153359.jpg
  galaxy_s6_169_images/20150422_153403.jpg
  galaxy_s6_169_images/20150422_153409.jpg
  galaxy_s6_169_images/20150422_153413.jpg
  galaxy_s6_169_images/20150422_153416.jpg
  galaxy_s6_169_images/20150422_153423.jpg
  galaxy_s6_169_images/20150422_153427.jpg
  galaxy_s6_169_images/20150422_153433.jpg
  galaxy_s6_169_images/20150422_153441.jpg
  galaxy_s6_169_images/20150422_153446.jpg
  galaxy_s6_169_images/20150422_153451.jpg
  galaxy_s6_169_images/20150422_154816.jpg</images>
</opencv_storage>
