<?xml version="1.0"?>
<opencv_storage>
<images>
  galaxy_s3_169/20150422_091359.jpg
  galaxy_s3_169/20150422_091404.jpg
  galaxy_s3_169/20150422_091408.jpg
  galaxy_s3_169/20150422_091412.jpg
  galaxy_s3_169/20150422_091437.jpg
  galaxy_s3_169/20150422_091452.jpg
  galaxy_s3_169/20150422_091457.jpg
  galaxy_s3_169/20150422_091501.jpg
  galaxy_s3_169/20150422_091509.jpg
  galaxy_s3_169/20150422_091515.jpg
  galaxy_s3_169/20150422_091519.jpg
  galaxy_s3_169/20150422_091523.jpg
  galaxy_s3_169/20150422_091527.jpg
  galaxy_s3_169/20150422_091531.jpg
  galaxy_s3_169/20150422_091535.jpg
  galaxy_s3_169/20150422_091539.jpg
  galaxy_s3_169/20150422_091543.jpg
  galaxy_s3_169/20150422_091552.jpg
  galaxy_s3_169/20150422_091556.jpg
  galaxy_s3_169/20150422_091605.jpg</images>
</opencv_storage>
