<?xml version="1.0"?>
<opencv_storage>
<calibration_Time>"Thu Apr  9 19:37:28 2015"</calibration_Time>
<nrOfFrames>19</nrOfFrames>
<image_Width>3264</image_Width>
<image_Height>2448</image_Height>
<board_Width>6</board_Width>
<board_Height>9</board_Height>
<square_Size>25.</square_Size>
<FixAspectRatio>1.</FixAspectRatio>
<!-- flags:  +fix_aspectRatio +fix_principal_point +zero_tangent_dist -->
<flagValue>14</flagValue>
<Camera_Matrix type_id="opencv-matrix">
  <rows>3</rows>
  <cols>3</cols>
  <dt>d</dt>
  <data>
    2.7006936935012495e+03 0. 1.6315000000000000e+03 0.
    2.7006936935012495e+03 1.2235000000000000e+03 0. 0. 1.</data></Camera_Matrix>
<Distortion_Coefficients type_id="opencv-matrix">
  <rows>5</rows>
  <cols>1</cols>
  <dt>d</dt>
  <data>
    -2.3547506752110283e-02 1.7597479866243875e+00 0. 0.
    -8.0444205336492107e+00</data></Distortion_Coefficients>
<Avg_Reprojection_Error>1.0869097475681733e+00</Avg_Reprojection_Error>
<Per_View_Reprojection_Errors type_id="opencv-matrix">
  <rows>19</rows>
  <cols>1</cols>
  <dt>f</dt>
  <data>
    9.02582109e-01 8.88637185e-01 9.27705884e-01 8.16615939e-01
    1.30815399e+00 9.74153280e-01 8.37389469e-01 1.24027669e+00
    1.00447547e+00 1.40564358e+00 1.16071677e+00 1.29103005e+00
    1.02769840e+00 1.05544579e+00 9.49802399e-01 9.82386827e-01
    1.53316808e+00 1.03521883e+00 9.77781355e-01</data></Per_View_Reprojection_Errors>
<!-- a set of 6-tuples (rotation vector + translation vector) for each view -->
<Extrinsic_Parameters type_id="opencv-matrix">
  <rows>19</rows>
  <cols>6</cols>
  <dt>d</dt>
  <data>
    6.8807985816946460e-01 5.4820195288663787e-01 1.5876093466838437e+00
    2.3578147896259942e+01 -2.0774409512867773e+01
    4.7915785489587546e+02 9.7303470230880418e-01 1.0944270512348965e-01
    2.3943504351719374e+00 7.4043174959889527e+01 6.1330904158446387e+01
    5.1671215100061181e+02 -7.9762471078410990e-01
    3.6962919460575661e-01 -2.4231276339254242e+00
    -5.9640453961341279e+01 1.4486920693271378e+02
    5.7147437504659308e+02 -4.1513165158959742e-01
    5.9600648553321955e-01 -9.9918906719061595e-01
    -1.5385304308459649e+02 -1.8196450830225913e+01
    6.0881479867656253e+02 -2.8043228526623881e-01
    3.8560867149203193e-01 -1.3735764294407560e+00
    -9.2513482327145312e+01 4.7458099079749438e+01
    4.5773552218204901e+02 -2.9819494749212416e-01
    2.2503122332300116e-01 -1.8139811059770357e+00
    -7.8629493983972196e+01 8.4200812307787160e+01
    4.0128866656579299e+02 -1.1408474963181391e-01
    1.5208896363513250e-01 -1.6777893777908954e+00
    -8.4312363461356696e+01 7.6098995155296350e+01
    3.6413229156091955e+02 -1.1790815962882228e-01
    5.1915285709363701e-01 -1.0655684638625620e+00
    -1.1919935171612730e+02 4.4384979164459599e+00
    4.5468754332000964e+02 -3.5515661624750022e-01
    3.4507122295106180e-01 -1.8185444441348493e+00
    -6.3559507544252227e+01 9.1224223033003270e+01
    4.3549395525292368e+02 -5.5306992337019212e-01
    2.6212847424491492e-01 -2.5366108392931568e+00
    -9.9154418861021778e+00 1.2743033168000835e+02
    4.1942842307793239e+02 5.6183576826686532e-01 2.1797276698432919e-01
    2.1468667424594838e+00 8.4740291070853075e+01 2.4932882319736727e+01
    3.7345656685774406e+02 7.3364464226956005e-01
    -1.2056348093991923e-02 2.8543461991106915e+00
    4.3144020735925139e+01 9.3219729425659196e+01 4.0790693610402758e+02
    3.0734371588137732e-01 5.2540060609098260e-01 9.4683650201958680e-01
    1.3740437707177943e+01 -7.7623501663372153e+01
    4.3303491585104058e+02 3.0371467047086825e-01 5.7285851147135125e-01
    7.4921696475563981e-01 1.5565171448081797e+01
    -9.8943645325302569e+01 4.2766609529166459e+02
    4.0798189548052527e-01 4.7105599975757051e-01 1.3052957235122014e+00
    3.5509724611777607e+01 -6.9018811097589818e+01
    4.3693612605693386e+02 5.2515133349651610e-01 2.3484113550843280e-01
    1.9197779688831866e+00 8.6676257257588446e+01
    -9.9852320583762761e+00 3.9567835382308834e+02
    6.2246872762011884e-01 3.8589103845377386e-02 2.8253843781162264e+00
    8.8850996098318319e+01 8.0984600811480831e+01 3.8585441078152058e+02
    -5.1502165212435591e-01 3.5631939237890004e-01
    -1.9448798091484047e+00 -7.8283126891948683e+01
    1.2150707052989753e+02 5.0182632327780385e+02
    -2.8719718740063710e-01 5.3530055187525805e-01
    -1.1961216351485162e+00 -1.0720956602573744e+02
    -1.8347818069344363e+01 5.3947643982480702e+02</data></Extrinsic_Parameters>
